Sample	FastQC_mqc-generalstats-fastqc-percent_fails	FastQC_mqc-generalstats-fastqc-avg_sequence_length	FastQC_mqc-generalstats-fastqc-total_sequences	FastQC_mqc-generalstats-fastqc-percent_duplicates	FastQC_mqc-generalstats-fastqc-percent_gc
SRR6703969_time_101SR_1	9.090909090909092	51.0	24666240.0	13.726980161444828	48.0
SRR6703969_time_101SR_1_fastqc | SRR6703969_time_101SR_1	9.090909090909092	51.0	24666240.0	13.726980161444828	48.0
SRR6703969_time_101SR_1_val_1	9.090909090909092	50.78157363393905	24381617.0	13.228601122288126	48.0
SRR6703969_time_101SR_2	9.090909090909092	51.0	24666240.0	13.34949042980594	48.0
SRR6703969_time_101SR_2_fastqc | SRR6703969_time_101SR_2	9.090909090909092	51.0	24666240.0	13.34949042980594	48.0
SRR6703969_time_101SR_2_val_2	9.090909090909092	50.60415365395987	24381617.0	13.009430887502205	48.0
SRR6703970_time_101FR_1	9.090909090909092	50.0	23243349.0	37.883396963082774	48.0
SRR6703970_time_101FR_1_fastqc | SRR6703970_time_101FR_1	9.090909090909092	50.0	23243349.0	37.883396963082774	48.0
SRR6703970_time_101FR_1_val_1	9.090909090909092	49.78587255964253	23052258.0	37.25730011714929	48.0
SRR6703970_time_101FR_2	9.090909090909092	50.0	23243349.0	37.13056954234093	48.0
SRR6703970_time_101FR_2_fastqc | SRR6703970_time_101FR_2	9.090909090909092	50.0	23243349.0	37.13056954234093	48.0
SRR6703970_time_101FR_2_val_2	9.090909090909092	49.608052972511416	23052258.0	36.57822498689101	48.0
SRR6703971_time_103SR_1	9.090909090909092	51.0	18381068.0	10.470336135913357	48.0
SRR6703971_time_103SR_1_fastqc | SRR6703971_time_103SR_1	9.090909090909092	51.0	18381068.0	10.470336135913357	48.0
SRR6703971_time_103SR_1_val_1	9.090909090909092	50.7840295916241	18168114.0	10.090639836824039	48.0
SRR6703971_time_103SR_2	9.090909090909092	51.0	18381068.0	10.140622818206339	48.0
SRR6703971_time_103SR_2_fastqc | SRR6703971_time_103SR_2	9.090909090909092	51.0	18381068.0	10.140622818206339	48.0
SRR6703971_time_103SR_2_val_2	9.090909090909092	50.612128809847846	18168114.0	9.841237814151441	48.0
SRR6703972_time_103FR_1	10.0	49.55213270780797	20408445.0	30.339876431943196	48.0
SRR6703972_time_103FR_1_fastqc | SRR6703972_time_103FR_1	10.0	50.0	20459922.0	31.425028894306465	48.0
SRR6703973_time_104SR_1	9.090909090909092	51.0	24503098.0	12.422074541032117	48.0
SRR6703973_time_104SR_1_fastqc | SRR6703973_time_104SR_1	9.090909090909092	51.0	24503098.0	12.422074541032117	48.0
SRR6703973_time_104SR_1_val_1	9.090909090909092	50.76894678190828	24180386.0	11.977813690330336	48.0
SRR6703973_time_104SR_2	9.090909090909092	51.0	24503098.0	12.158972417668409	48.0
SRR6703973_time_104SR_2_fastqc | SRR6703973_time_104SR_2	9.090909090909092	51.0	24503098.0	12.158972417668409	48.0
SRR6703973_time_104SR_2_val_2	9.090909090909092	50.57448458432384	24180386.0	11.82593498465198	48.0
SRR6703974_time_104FR_1	9.090909090909092	50.0	25542222.0	37.32701739901009	48.0
SRR6703974_time_104FR_1_fastqc | SRR6703974_time_104FR_1	9.090909090909092	50.0	25542222.0	37.32701739901009	48.0
SRR6703974_time_104FR_1_val_1	9.090909090909092	49.779123411493174	25274915.0	36.66510522937627	48.0
SRR6703974_time_104FR_2	9.090909090909092	50.0	25542222.0	36.71733033967036	48.0
SRR6703974_time_104FR_2_fastqc | SRR6703974_time_104FR_2	9.090909090909092	50.0	25542222.0	36.71733033967036	48.0
SRR6703974_time_104FR_2_val_2	9.090909090909092	49.58335013193912	25274915.0	36.19242640435532	48.0
SRR6703975_time_107SR_1	9.090909090909092	51.0	24574908.0	14.709649824785643	48.0
SRR6703975_time_107SR_1_fastqc | SRR6703975_time_107SR_1	9.090909090909092	51.0	24574908.0	14.709649824785643	48.0
SRR6703975_time_107SR_1_val_1	9.090909090909092	50.79123944236768	24317242.0	14.247901189718249	48.0
SRR6703975_time_107SR_2	9.090909090909092	51.0	24574908.0	14.347297436322947	48.0
SRR6703975_time_107SR_2_fastqc | SRR6703975_time_107SR_2	9.090909090909092	51.0	24574908.0	14.347297436322947	48.0
SRR6703975_time_107SR_2_val_2	9.090909090909092	50.60250167350393	24317242.0	13.922535632162422	48.0
SRR6703976_time_107FR_1	9.090909090909092	50.0	24324402.0	39.82333071001635	48.0
SRR6703976_time_107FR_1_fastqc | SRR6703976_time_107FR_1	9.090909090909092	50.0	24324402.0	39.82333071001635	48.0
SRR6703976_time_107FR_1_val_1	9.090909090909092	49.80068601771786	24137569.0	39.235894878038316	48.0
SRR6703976_time_107FR_2	9.090909090909092	50.0	24324402.0	39.27363670075017	48.0
SRR6703976_time_107FR_2_fastqc | SRR6703976_time_107FR_2	9.090909090909092	50.0	24324402.0	39.27363670075017	48.0
SRR6703976_time_107FR_2_val_2	9.090909090909092	49.61483250446638	24137569.0	38.65761661536599	48.0
SRR6703977_time_107SRN_1	9.090909090909092	51.0	17105279.0	11.631160450641403	47.0
SRR6703977_time_107SRN_1_fastqc | SRR6703977_time_107SRN_1	9.090909090909092	51.0	17105279.0	11.631160450641403	47.0
SRR6703977_time_107SRN_1_val_1	9.090909090909092	50.82426578946345	16973946.0	11.297831803614699	47.0
SRR6703977_time_107SRN_2	9.090909090909092	51.0	17105279.0	11.551161437717738	47.0
SRR6703977_time_107SRN_2_fastqc | SRR6703977_time_107SRN_2	9.090909090909092	51.0	17105279.0	11.551161437717738	47.0
SRR6703977_time_107SRN_2_val_2	9.090909090909092	50.66759939026553	16973946.0	11.262729463665593	47.0
SRR6703978_time_109SR_1	9.090909090909092	51.0	16379507.0	10.727922556164401	48.0
SRR6703978_time_109SR_1_fastqc | SRR6703978_time_109SR_1	9.090909090909092	51.0	16379507.0	10.727922556164401	48.0
SRR6703978_time_109SR_1_val_1	9.090909090909092	50.785633774603575	16204507.0	10.337420449516415	47.0
SRR6703978_time_109SR_2	9.090909090909092	51.0	16379507.0	10.563111626421033	48.0
SRR6703978_time_109SR_2_fastqc | SRR6703978_time_109SR_2	9.090909090909092	51.0	16379507.0	10.563111626421033	48.0
SRR6703978_time_109SR_2_val_2	9.090909090909092	50.611688834470556	16204507.0	10.247551220321995	47.0
SRR6703979_time_109FR_1	10.0	49.534761658467936	27054391.0	38.340933881804276	48.0
SRR6703979_time_109FR_1_fastqc | SRR6703979_time_109FR_1	10.0	50.0	27111986.0	39.533824222583334	48.0
SRR6703980_time_110SR_1	9.090909090909092	51.0	16177102.0	10.352469700260116	48.0
SRR6703980_time_110SR_1_fastqc | SRR6703980_time_110SR_1	9.090909090909092	51.0	16177102.0	10.352469700260116	48.0
SRR6703980_time_110SR_1_val_1	9.090909090909092	50.785932350392464	15952672.0	10.015312095371371	48.0
SRR6703980_time_110SR_2	9.090909090909092	51.0	16177102.0	10.117370844224695	48.0
SRR6703980_time_110SR_2_fastqc | SRR6703980_time_110SR_2	9.090909090909092	51.0	16177102.0	10.117370844224695	48.0
SRR6703980_time_110SR_2_val_2	9.090909090909092	50.61784677827012	15952672.0	9.809854853773714	48.0
SRR6703981_time_110FR_1	10.0	49.5405676608477	35205493.0	35.70855134938475	48.0
SRR6703981_time_110FR_1_fastqc | SRR6703981_time_110FR_1	10.0	50.0	35324819.0	37.06613904614113	48.0
